10 10 10 10 10 10 10 10 10 10 10 10 10 10 10 10
10 15 14 14 13 13 13 12 12 11 11 11 11 11 11 10
10 15 14 14 13 13 13 12 12 11 11 11 11 11 11 10
10 15 14 14 13 13 13 12 12 11 11 11 11 11 11 10
10 15 14 14 13 13 13 12 12 11 11 11 11 11 11 10
10 15 14 14 13 13 13 12 12 11 11 11 11 11 11 10
10 15 14 14 13 13 13 12 12 11 11 11 11 11 11 10
10 15 14 14 13 13 13 12 12 11 11 11 11 11 11 10
10 15 14 14 13 13 13 12 12 11 11 11 11 11 11 10
10 15 14 14 13 13 13 12 12 11 11 11 11 11 11 10
10 15 14 14 13 13 13 12 12 11 11 11 11 11 11 10s
10 10 10 10 10 10 10 10 10 10 10 10 10 10 10 10